183 96 289 37
495 96 286 37
627 132 46 36
495 132 46 36
294 132 46 36
186 219 110 40
363 222 109 37
492 222 115 40
363 276 244 37
177 327 229 41
561 330 229 39
183 441 292 34
495 441 289 40
297 495 376 37
696 495 88 39
495 549 112 37
360 549 115 34
183 549 157 34
183 603 601 37
183 96 289 37
495 96 286 37
183 168 598 37
183 219 113 40
183 132 46 36
294 132 46 36
426 132 46 36
495 132 46 36
627 132 46 36
735 132 46 36
363 222 109 37
492 222 115 40
672 222 109 36
363 276 244 37
360 387 247 40
696 495 88 39
297 495 376 37
183 495 91 37
183 549 157 34
360 549 115 34
495 549 112 37
627 549 157 37
183 603 601 37
297 204 44 124
297 366 44 76
630 204 41 127
630 369 43 73
